dm32          sin^2(theta23)  DeltaChi2 
0.0017066     0.245           60.533 
0.0017066     0.255           56.654 
0.0017066     0.265           53.076 
0.0017066     0.275           49.791 
0.0017066     0.285           46.790 
0.0017066     0.295           44.064 
0.0017066     0.305           41.602 
0.0017066     0.315           39.391 
0.0017066     0.325           37.418 
0.0017066     0.335           35.671 
0.0017066     0.345           34.134 
0.0017066     0.355           32.794 
0.0017066     0.365           31.635 
0.0017066     0.375           30.642 
0.0017066     0.385           29.800 
0.0017066     0.395           29.094 
0.0017066     0.405           28.510 
0.0017066     0.415           28.035 
0.0017066     0.425           27.655 
0.0017066     0.435           27.358 
0.0017066     0.445           27.133 
0.0017066     0.455           26.971 
0.0017066     0.465           26.863 
0.0017066     0.475           26.802 
0.0017066     0.485           26.784 
0.0017066     0.495           26.804 
0.0017066     0.505           26.860 
0.0017066     0.515           26.952 
0.0017066     0.525           27.081 
0.0017066     0.535           27.251 
0.0017066     0.545           27.465 
0.0017066     0.555           27.731 
0.0017066     0.565           28.056 
0.0017066     0.575           28.450 
0.0017066     0.585           28.922 
0.0017066     0.595           29.484 
0.0017066     0.605           30.150 
0.0017066     0.615           30.931 
0.0017066     0.625           31.844 
0.0017066     0.635           32.902 
0.0017066     0.645           34.119 
0.0017066     0.655           35.512 
0.0017066     0.665           37.096 
0.0017066     0.675           38.885 
0.0017066     0.685           40.893 
0.0017066     0.695           43.135 
0.0017066     0.705           45.623 
0.0017066     0.715           48.371 
0.0017066     0.725           51.389 
0.0017066     0.735           54.689 
0.0017066     0.745           58.278 
0.0017426     0.245           57.498 
0.0017426     0.255           53.551 
0.0017426     0.265           49.910 
0.0017426     0.275           46.567 
0.0017426     0.285           43.514 
0.0017426     0.295           40.740 
0.0017426     0.305           38.234 
0.0017426     0.315           35.985 
0.0017426     0.325           33.979 
0.0017426     0.335           32.201 
0.0017426     0.345           30.638 
0.0017426     0.355           29.275 
0.0017426     0.365           28.096 
0.0017426     0.375           27.087 
0.0017426     0.385           26.230 
0.0017426     0.395           25.513 
0.0017426     0.405           24.919 
0.0017426     0.415           24.435 
0.0017426     0.425           24.048 
0.0017426     0.435           23.746 
0.0017426     0.445           23.516 
0.0017426     0.455           23.350 
0.0017426     0.465           23.239 
0.0017426     0.475           23.176 
0.0017426     0.485           23.155 
0.0017426     0.495           23.172 
0.0017426     0.505           23.227 
0.0017426     0.515           23.317 
0.0017426     0.525           23.445 
0.0017426     0.535           23.614 
0.0017426     0.545           23.828 
0.0017426     0.555           24.094 
0.0017426     0.565           24.420 
0.0017426     0.575           24.815 
0.0017426     0.585           25.290 
0.0017426     0.595           25.857 
0.0017426     0.605           26.528 
0.0017426     0.615           27.318 
0.0017426     0.625           28.241 
0.0017426     0.635           29.311 
0.0017426     0.645           30.545 
0.0017426     0.655           31.957 
0.0017426     0.665           33.563 
0.0017426     0.675           35.378 
0.0017426     0.685           37.416 
0.0017426     0.695           39.693 
0.0017426     0.705           42.221 
0.0017426     0.715           45.012 
0.0017426     0.725           48.080 
0.0017426     0.735           51.434 
0.0017426     0.745           55.083 
0.0017786     0.245           54.699 
0.0017786     0.255           50.690 
0.0017786     0.265           46.992 
0.0017786     0.275           43.597 
0.0017786     0.285           40.497 
0.0017786     0.295           37.681 
0.0017786     0.305           35.138 
0.0017786     0.315           32.854 
0.0017786     0.325           30.818 
0.0017786     0.335           29.015 
0.0017786     0.345           27.429 
0.0017786     0.355           26.047 
0.0017786     0.365           24.851 
0.0017786     0.375           23.828 
0.0017786     0.385           22.960 
0.0017786     0.395           22.232 
0.0017786     0.405           21.631 
0.0017786     0.415           21.140 
0.0017786     0.425           20.748 
0.0017786     0.435           20.441 
0.0017786     0.445           20.208 
0.0017786     0.455           20.038 
0.0017786     0.465           19.924 
0.0017786     0.475           19.858 
0.0017786     0.485           19.835 
0.0017786     0.495           19.850 
0.0017786     0.505           19.902 
0.0017786     0.515           19.990 
0.0017786     0.525           20.116 
0.0017786     0.535           20.283 
0.0017786     0.545           20.495 
0.0017786     0.555           20.760 
0.0017786     0.565           21.085 
0.0017786     0.575           21.480 
0.0017786     0.585           21.956 
0.0017786     0.595           22.525 
0.0017786     0.605           23.200 
0.0017786     0.615           23.995 
0.0017786     0.625           24.925 
0.0017786     0.635           26.004 
0.0017786     0.645           27.250 
0.0017786     0.655           28.677 
0.0017786     0.665           30.301 
0.0017786     0.675           32.138 
0.0017786     0.685           34.201 
0.0017786     0.695           36.507 
0.0017786     0.705           39.069 
0.0017786     0.715           41.899 
0.0017786     0.725           45.009 
0.0017786     0.735           48.410 
0.0017786     0.745           52.112 
0.0018146     0.245           52.126 
0.0018146     0.255           48.062 
0.0018146     0.265           44.313 
0.0018146     0.275           40.873 
0.0018146     0.285           37.731 
0.0018146     0.295           34.877 
0.0018146     0.305           32.300 
0.0018146     0.315           29.987 
0.0018146     0.325           27.925 
0.0018146     0.335           26.099 
0.0018146     0.345           24.495 
0.0018146     0.355           23.096 
0.0018146     0.365           21.886 
0.0018146     0.375           20.851 
0.0018146     0.385           19.973 
0.0018146     0.395           19.238 
0.0018146     0.405           18.630 
0.0018146     0.415           18.134 
0.0018146     0.425           17.738 
0.0018146     0.435           17.427 
0.0018146     0.445           17.191 
0.0018146     0.455           17.019 
0.0018146     0.465           16.902 
0.0018146     0.475           16.834 
0.0018146     0.485           16.808 
0.0018146     0.495           16.821 
0.0018146     0.505           16.870 
0.0018146     0.515           16.955 
0.0018146     0.525           17.078 
0.0018146     0.535           17.242 
0.0018146     0.545           17.451 
0.0018146     0.555           17.713 
0.0018146     0.565           18.036 
0.0018146     0.575           18.429 
0.0018146     0.585           18.904 
0.0018146     0.595           19.473 
0.0018146     0.605           20.149 
0.0018146     0.615           20.946 
0.0018146     0.625           21.881 
0.0018146     0.635           22.967 
0.0018146     0.645           24.221 
0.0018146     0.655           25.659 
0.0018146     0.665           27.297 
0.0018146     0.675           29.151 
0.0018146     0.685           31.236 
0.0018146     0.695           33.566 
0.0018146     0.705           36.156 
0.0018146     0.715           39.019 
0.0018146     0.725           42.166 
0.0018146     0.735           45.609 
0.0018146     0.745           49.357 
0.0018506     0.245           49.778 
0.0018506     0.255           45.664 
0.0018506     0.265           41.870 
0.0018506     0.275           38.388 
0.0018506     0.285           35.209 
0.0018506     0.295           32.323 
0.0018506     0.305           29.717 
0.0018506     0.315           27.379 
0.0018506     0.325           25.294 
0.0018506     0.335           23.449 
0.0018506     0.345           21.828 
0.0018506     0.355           20.415 
0.0018506     0.365           19.194 
0.0018506     0.375           18.149 
0.0018506     0.385           17.264 
0.0018506     0.395           16.522 
0.0018506     0.405           15.909 
0.0018506     0.415           15.409 
0.0018506     0.425           15.009 
0.0018506     0.435           14.696 
0.0018506     0.445           14.457 
0.0018506     0.455           14.283 
0.0018506     0.465           14.164 
0.0018506     0.475           14.093 
0.0018506     0.485           14.065 
0.0018506     0.495           14.075 
0.0018506     0.505           14.121 
0.0018506     0.515           14.203 
0.0018506     0.525           14.322 
0.0018506     0.535           14.482 
0.0018506     0.545           14.688 
0.0018506     0.555           14.946 
0.0018506     0.565           15.265 
0.0018506     0.575           15.654 
0.0018506     0.585           16.126 
0.0018506     0.595           16.693 
0.0018506     0.605           17.368 
0.0018506     0.615           18.165 
0.0018506     0.625           19.101 
0.0018506     0.635           20.190 
0.0018506     0.645           21.450 
0.0018506     0.655           22.896 
0.0018506     0.665           24.545 
0.0018506     0.675           26.412 
0.0018506     0.685           28.513 
0.0018506     0.695           30.863 
0.0018506     0.705           33.476 
0.0018506     0.715           36.366 
0.0018506     0.725           39.545 
0.0018506     0.735           43.024 
0.0018506     0.745           46.812 
0.0018866     0.245           47.651 
0.0018866     0.255           43.493 
0.0018866     0.265           39.660 
0.0018866     0.275           36.142 
0.0018866     0.285           32.931 
0.0018866     0.295           30.016 
0.0018866     0.305           27.385 
0.0018866     0.315           25.025 
0.0018866     0.325           22.922 
0.0018866     0.335           21.061 
0.0018866     0.345           19.427 
0.0018866     0.355           18.003 
0.0018866     0.365           16.773 
0.0018866     0.375           15.721 
0.0018866     0.385           14.830 
0.0018866     0.395           14.084 
0.0018866     0.405           13.467 
0.0018866     0.415           12.964 
0.0018866     0.425           12.562 
0.0018866     0.435           12.246 
0.0018866     0.445           12.006 
0.0018866     0.455           11.830 
0.0018866     0.465           11.709 
0.0018866     0.475           11.636 
0.0018866     0.485           11.604 
0.0018866     0.495           11.611 
0.0018866     0.505           11.654 
0.0018866     0.515           11.732 
0.0018866     0.525           11.846 
0.0018866     0.535           12.002 
0.0018866     0.545           12.202 
0.0018866     0.555           12.455 
0.0018866     0.565           12.769 
0.0018866     0.575           13.153 
0.0018866     0.585           13.620 
0.0018866     0.595           14.183 
0.0018866     0.605           14.854 
0.0018866     0.615           15.649 
0.0018866     0.625           16.584 
0.0018866     0.635           17.673 
0.0018866     0.645           18.935 
0.0018866     0.655           20.385 
0.0018866     0.665           22.040 
0.0018866     0.675           23.916 
0.0018866     0.685           26.030 
0.0018866     0.695           28.395 
0.0018866     0.705           31.027 
0.0018866     0.715           33.939 
0.0018866     0.725           37.144 
0.0018866     0.735           40.653 
0.0018866     0.745           44.475 
0.0019226     0.245           45.742 
0.0019226     0.255           41.546 
0.0019226     0.265           37.678 
0.0019226     0.275           34.130 
0.0019226     0.285           30.892 
0.0019226     0.295           27.954 
0.0019226     0.305           25.302 
0.0019226     0.315           22.925 
0.0019226     0.325           20.807 
0.0019226     0.335           18.934 
0.0019226     0.345           17.289 
0.0019226     0.355           15.857 
0.0019226     0.365           14.621 
0.0019226     0.375           13.564 
0.0019226     0.385           12.669 
0.0019226     0.395           11.920 
0.0019226     0.405           11.301 
0.0019226     0.415           10.797 
0.0019226     0.425           10.394 
0.0019226     0.435           10.077 
0.0019226     0.445            9.835 
0.0019226     0.455            9.658 
0.0019226     0.465            9.535 
0.0019226     0.475            9.460 
0.0019226     0.485            9.426 
0.0019226     0.495            9.430 
0.0019226     0.505            9.468 
0.0019226     0.515            9.541 
0.0019226     0.525            9.651 
0.0019226     0.535            9.800 
0.0019226     0.545            9.994 
0.0019226     0.555           10.241 
0.0019226     0.565           10.547 
0.0019226     0.575           10.925 
0.0019226     0.585           11.386 
0.0019226     0.595           11.941 
0.0019226     0.605           12.607 
0.0019226     0.615           13.397 
0.0019226     0.625           14.327 
0.0019226     0.635           15.414 
0.0019226     0.645           16.675 
0.0019226     0.655           18.125 
0.0019226     0.665           19.783 
0.0019226     0.675           21.664 
0.0019226     0.685           23.785 
0.0019226     0.695           26.160 
0.0019226     0.705           28.806 
0.0019226     0.715           31.735 
0.0019226     0.725           34.960 
0.0019226     0.735           38.492 
0.0019226     0.745           42.343 
0.0019586     0.245           44.041 
0.0019586     0.255           39.813 
0.0019586     0.265           35.916 
0.0019586     0.275           32.343 
0.0019586     0.285           29.083 
0.0019586     0.295           26.126 
0.0019586     0.305           23.458 
0.0019586     0.315           21.068 
0.0019586     0.325           18.939 
0.0019586     0.335           17.057 
0.0019586     0.345           15.406 
0.0019586     0.355           13.968 
0.0019586     0.365           12.729 
0.0019586     0.375           11.669 
0.0019586     0.385           10.773 
0.0019586     0.395           10.024 
0.0019586     0.405            9.405 
0.0019586     0.415            8.901 
0.0019586     0.425            8.497 
0.0019586     0.435            8.181 
0.0019586     0.445            7.939 
0.0019586     0.455            7.761 
0.0019586     0.465            7.637 
0.0019586     0.475            7.559 
0.0019586     0.485            7.523 
0.0019586     0.495            7.523 
0.0019586     0.505            7.557 
0.0019586     0.515            7.625 
0.0019586     0.525            7.728 
0.0019586     0.535            7.871 
0.0019586     0.545            8.058 
0.0019586     0.555            8.296 
0.0019586     0.565            8.594 
0.0019586     0.575            8.963 
0.0019586     0.585            9.415 
0.0019586     0.595            9.962 
0.0019586     0.605           10.619 
0.0019586     0.615           11.401 
0.0019586     0.625           12.324 
0.0019586     0.635           13.405 
0.0019586     0.645           14.661 
0.0019586     0.655           16.108 
0.0019586     0.665           17.764 
0.0019586     0.675           19.646 
0.0019586     0.685           21.770 
0.0019586     0.695           24.151 
0.0019586     0.705           26.805 
0.0019586     0.715           29.745 
0.0019586     0.725           32.985 
0.0019586     0.735           36.536 
0.0019586     0.745           40.408 
0.0019946     0.245           42.532 
0.0019946     0.255           38.278 
0.0019946     0.265           34.358 
0.0019946     0.275           30.765 
0.0019946     0.285           27.488 
0.0019946     0.295           24.516 
0.0019946     0.305           21.837 
0.0019946     0.315           19.437 
0.0019946     0.325           17.301 
0.0019946     0.335           15.414 
0.0019946     0.345           13.760 
0.0019946     0.355           12.321 
0.0019946     0.365           11.080 
0.0019946     0.375           10.021 
0.0019946     0.385            9.125 
0.0019946     0.395            8.377 
0.0019946     0.405            7.760 
0.0019946     0.415            7.258 
0.0019946     0.425            6.856 
0.0019946     0.435            6.541 
0.0019946     0.445            6.299 
0.0019946     0.455            6.121 
0.0019946     0.465            5.997 
0.0019946     0.475            5.918 
0.0019946     0.485            5.878 
0.0019946     0.495            5.875 
0.0019946     0.505            5.904 
0.0019946     0.515            5.966 
0.0019946     0.525            6.063 
0.0019946     0.535            6.198 
0.0019946     0.545            6.376 
0.0019946     0.555            6.605 
0.0019946     0.565            6.894 
0.0019946     0.575            7.252 
0.0019946     0.585            7.693 
0.0019946     0.595            8.229 
0.0019946     0.605            8.875 
0.0019946     0.615            9.647 
0.0019946     0.625           10.560 
0.0019946     0.635           11.632 
0.0019946     0.645           12.879 
0.0019946     0.655           14.320 
0.0019946     0.665           15.971 
0.0019946     0.675           17.849 
0.0019946     0.685           19.971 
0.0019946     0.695           22.354 
0.0019946     0.705           25.011 
0.0019946     0.715           27.958 
0.0019946     0.725           31.207 
0.0019946     0.735           34.770 
0.0019946     0.745           38.659 
0.0020306     0.245           41.200 
0.0020306     0.255           36.924 
0.0020306     0.265           32.986 
0.0020306     0.275           29.378 
0.0020306     0.285           26.088 
0.0020306     0.295           23.107 
0.0020306     0.305           20.420 
0.0020306     0.315           18.014 
0.0020306     0.325           15.875 
0.0020306     0.335           13.986 
0.0020306     0.345           12.331 
0.0020306     0.355           10.893 
0.0020306     0.365            9.654 
0.0020306     0.375            8.597 
0.0020306     0.385            7.705 
0.0020306     0.395            6.960 
0.0020306     0.405            6.346 
0.0020306     0.415            5.847 
0.0020306     0.425            5.448 
0.0020306     0.435            5.135 
0.0020306     0.445            4.895 
0.0020306     0.455            4.718 
0.0020306     0.465            4.593 
0.0020306     0.475            4.512 
0.0020306     0.485            4.471 
0.0020306     0.495            4.463 
0.0020306     0.505            4.488 
0.0020306     0.515            4.544 
0.0020306     0.525            4.634 
0.0020306     0.535            4.760 
0.0020306     0.545            4.929 
0.0020306     0.555            5.147 
0.0020306     0.565            5.424 
0.0020306     0.575            5.771 
0.0020306     0.585            6.199 
0.0020306     0.595            6.722 
0.0020306     0.605            7.356 
0.0020306     0.615            8.114 
0.0020306     0.625            9.015 
0.0020306     0.635           10.075 
0.0020306     0.645           11.311 
0.0020306     0.655           12.741 
0.0020306     0.665           14.384 
0.0020306     0.675           16.255 
0.0020306     0.685           18.372 
0.0020306     0.695           20.751 
0.0020306     0.705           23.408 
0.0020306     0.715           26.356 
0.0020306     0.725           29.610 
0.0020306     0.735           33.181 
0.0020306     0.745           37.079 
0.0020666     0.245           40.030 
0.0020666     0.255           35.737 
0.0020666     0.265           31.786 
0.0020666     0.275           28.166 
0.0020666     0.285           24.868 
0.0020666     0.295           21.880 
0.0020666     0.305           19.189 
0.0020666     0.315           16.781 
0.0020666     0.325           14.641 
0.0020666     0.335           12.753 
0.0020666     0.345           11.100 
0.0020666     0.355            9.665 
0.0020666     0.365            8.431 
0.0020666     0.375            7.379 
0.0020666     0.385            6.491 
0.0020666     0.395            5.751 
0.0020666     0.405            5.142 
0.0020666     0.415            4.648 
0.0020666     0.425            4.252 
0.0020666     0.435            3.942 
0.0020666     0.445            3.705 
0.0020666     0.455            3.529 
0.0020666     0.465            3.404 
0.0020666     0.475            3.322 
0.0020666     0.485            3.278 
0.0020666     0.495            3.267 
0.0020666     0.505            3.287 
0.0020666     0.515            3.336 
0.0020666     0.525            3.418 
0.0020666     0.535            3.535 
0.0020666     0.545            3.694 
0.0020666     0.555            3.901 
0.0020666     0.565            4.166 
0.0020666     0.575            4.499 
0.0020666     0.585            4.913 
0.0020666     0.595            5.422 
0.0020666     0.605            6.041 
0.0020666     0.615            6.784 
0.0020666     0.625            7.670 
0.0020666     0.635            8.716 
0.0020666     0.645            9.938 
0.0020666     0.655           11.356 
0.0020666     0.665           12.986 
0.0020666     0.675           14.847 
0.0020666     0.685           16.956 
0.0020666     0.695           19.328 
0.0020666     0.705           21.980 
0.0020666     0.715           24.926 
0.0020666     0.725           28.180 
0.0020666     0.735           31.754 
0.0020666     0.745           35.659 
0.0021026     0.245           39.014 
0.0021026     0.255           34.709 
0.0021026     0.265           30.747 
0.0021026     0.275           27.120 
0.0021026     0.285           23.817 
0.0021026     0.295           20.826 
0.0021026     0.305           18.134 
0.0021026     0.315           15.726 
0.0021026     0.325           13.589 
0.0021026     0.335           11.704 
0.0021026     0.345           10.055 
0.0021026     0.355            8.626 
0.0021026     0.365            7.397 
0.0021026     0.375            6.351 
0.0021026     0.385            5.470 
0.0021026     0.395            4.736 
0.0021026     0.405            4.133 
0.0021026     0.415            3.643 
0.0021026     0.425            3.253 
0.0021026     0.435            2.947 
0.0021026     0.445            2.712 
0.0021026     0.455            2.538 
0.0021026     0.465            2.413 
0.0021026     0.475            2.331 
0.0021026     0.485            2.284 
0.0021026     0.495            2.270 
0.0021026     0.505            2.284 
0.0021026     0.515            2.327 
0.0021026     0.525            2.401 
0.0021026     0.535            2.508 
0.0021026     0.545            2.656 
0.0021026     0.555            2.851 
0.0021026     0.565            3.102 
0.0021026     0.575            3.421 
0.0021026     0.585            3.821 
0.0021026     0.595            4.314 
0.0021026     0.605            4.916 
0.0021026     0.615            5.643 
0.0021026     0.625            6.513 
0.0021026     0.635            7.542 
0.0021026     0.645            8.749 
0.0021026     0.655           10.151 
0.0021026     0.665           11.768 
0.0021026     0.675           13.615 
0.0021026     0.685           15.712 
0.0021026     0.695           18.075 
0.0021026     0.705           20.719 
0.0021026     0.715           23.659 
0.0021026     0.725           26.909 
0.0021026     0.735           30.482 
0.0021026     0.745           34.389 
0.0021386     0.245           38.149 
0.0021386     0.255           33.836 
0.0021386     0.265           29.868 
0.0021386     0.275           26.237 
0.0021386     0.285           22.931 
0.0021386     0.295           19.940 
0.0021386     0.305           17.249 
0.0021386     0.315           14.845 
0.0021386     0.325           12.711 
0.0021386     0.335           10.831 
0.0021386     0.345            9.189 
0.0021386     0.355            7.766 
0.0021386     0.365            6.544 
0.0021386     0.375            5.506 
0.0021386     0.385            4.632 
0.0021386     0.395            3.906 
0.0021386     0.405            3.309 
0.0021386     0.415            2.826 
0.0021386     0.425            2.441 
0.0021386     0.435            2.139 
0.0021386     0.445            1.907 
0.0021386     0.455            1.735 
0.0021386     0.465            1.611 
0.0021386     0.475            1.528 
0.0021386     0.485            1.479 
0.0021386     0.495            1.461 
0.0021386     0.505            1.470 
0.0021386     0.515            1.506 
0.0021386     0.525            1.571 
0.0021386     0.535            1.669 
0.0021386     0.545            1.805 
0.0021386     0.555            1.988 
0.0021386     0.565            2.225 
0.0021386     0.575            2.529 
0.0021386     0.585            2.913 
0.0021386     0.595            3.389 
0.0021386     0.605            3.974 
0.0021386     0.615            4.684 
0.0021386     0.625            5.536 
0.0021386     0.635            6.547 
0.0021386     0.645            7.736 
0.0021386     0.655            9.122 
0.0021386     0.665           10.722 
0.0021386     0.675           12.554 
0.0021386     0.685           14.637 
0.0021386     0.695           16.987 
0.0021386     0.705           19.620 
0.0021386     0.715           22.551 
0.0021386     0.725           25.794 
0.0021386     0.735           29.363 
0.0021386     0.745           33.267 
0.0021746     0.245           37.437 
0.0021746     0.255           33.118 
0.0021746     0.265           29.147 
0.0021746     0.275           25.514 
0.0021746     0.285           22.210 
0.0021746     0.295           19.220 
0.0021746     0.305           16.533 
0.0021746     0.315           14.134 
0.0021746     0.325           12.006 
0.0021746     0.335           10.134 
0.0021746     0.345            8.499 
0.0021746     0.355            7.084 
0.0021746     0.365            5.871 
0.0021746     0.375            4.840 
0.0021746     0.385            3.975 
0.0021746     0.395            3.256 
0.0021746     0.405            2.667 
0.0021746     0.415            2.190 
0.0021746     0.425            1.811 
0.0021746     0.435            1.514 
0.0021746     0.445            1.286 
0.0021746     0.455            1.115 
0.0021746     0.465            0.992 
0.0021746     0.475            0.909 
0.0021746     0.485            0.858 
0.0021746     0.495            0.835 
0.0021746     0.505            0.839 
0.0021746     0.515            0.868 
0.0021746     0.525            0.925 
0.0021746     0.535            1.012 
0.0021746     0.545            1.137 
0.0021746     0.555            1.306 
0.0021746     0.565            1.529 
0.0021746     0.575            1.818 
0.0021746     0.585            2.185 
0.0021746     0.595            2.644 
0.0021746     0.605            3.211 
0.0021746     0.615            3.902 
0.0021746     0.625            4.735 
0.0021746     0.635            5.727 
0.0021746     0.645            6.897 
0.0021746     0.655            8.264 
0.0021746     0.665            9.846 
0.0021746     0.675           11.661 
0.0021746     0.685           13.728 
0.0021746     0.695           16.063 
0.0021746     0.705           18.682 
0.0021746     0.715           21.602 
0.0021746     0.725           24.835 
0.0021746     0.735           28.395 
0.0021746     0.745           32.294 
0.0022106     0.245           36.878 
0.0022106     0.255           32.557 
0.0022106     0.265           28.585 
0.0022106     0.275           24.954 
0.0022106     0.285           21.652 
0.0022106     0.295           18.667 
0.0022106     0.305           15.986 
0.0022106     0.315           13.593 
0.0022106     0.325           11.473 
0.0022106     0.335            9.609 
0.0022106     0.345            7.983 
0.0022106     0.355            6.577 
0.0022106     0.365            5.373 
0.0022106     0.375            4.352 
0.0022106     0.385            3.495 
0.0022106     0.395            2.785 
0.0022106     0.405            2.203 
0.0022106     0.415            1.733 
0.0022106     0.425            1.360 
0.0022106     0.435            1.068 
0.0022106     0.445            0.843 
0.0022106     0.455            0.675 
0.0022106     0.465            0.553 
0.0022106     0.475            0.468 
0.0022106     0.485            0.415 
0.0022106     0.495            0.389 
0.0022106     0.505            0.387 
0.0022106     0.515            0.409 
0.0022106     0.525            0.457 
0.0022106     0.535            0.534 
0.0022106     0.545            0.647 
0.0022106     0.555            0.803 
0.0022106     0.565            1.011 
0.0022106     0.575            1.284 
0.0022106     0.585            1.634 
0.0022106     0.595            2.075 
0.0022106     0.605            2.623 
0.0022106     0.615            3.295 
0.0022106     0.625            4.107 
0.0022106     0.635            5.080 
0.0022106     0.645            6.230 
0.0022106     0.655            7.577 
0.0022106     0.665            9.139 
0.0022106     0.675           10.935 
0.0022106     0.685           12.984 
0.0022106     0.695           15.301 
0.0022106     0.705           17.905 
0.0022106     0.715           20.810 
0.0022106     0.725           24.030 
0.0022106     0.735           27.579 
0.0022106     0.745           31.469 
0.0022466     0.245           36.470 
0.0022466     0.255           32.150 
0.0022466     0.265           28.181 
0.0022466     0.275           24.553 
0.0022466     0.285           21.257 
0.0022466     0.295           18.278 
0.0022466     0.305           15.604 
0.0022466     0.315           13.220 
0.0022466     0.325           11.109 
0.0022466     0.335            9.254 
0.0022466     0.345            7.638 
0.0022466     0.355            6.242 
0.0022466     0.365            5.048 
0.0022466     0.375            4.036 
0.0022466     0.385            3.189 
0.0022466     0.395            2.487 
0.0022466     0.405            1.914 
0.0022466     0.415            1.451 
0.0022466     0.425            1.084 
0.0022466     0.435            0.796 
0.0022466     0.445            0.576 
0.0022466     0.455            0.410 
0.0022466     0.465            0.288 
0.0022466     0.475            0.203 
0.0022466     0.485            0.147 
0.0022466     0.495            0.117 
0.0022466     0.505            0.109 
0.0022466     0.515            0.124 
0.0022466     0.525            0.163 
0.0022466     0.535            0.230 
0.0022466     0.545            0.330 
0.0022466     0.555            0.473 
0.0022466     0.565            0.666 
0.0022466     0.575            0.923 
0.0022466     0.585            1.255 
0.0022466     0.595            1.678 
0.0022466     0.605            2.206 
0.0022466     0.615            2.858 
0.0022466     0.625            3.650 
0.0022466     0.635            4.601 
0.0022466     0.645            5.730 
0.0022466     0.655            7.056 
0.0022466     0.665            8.597 
0.0022466     0.675           10.373 
0.0022466     0.685           12.401 
0.0022466     0.695           14.700 
0.0022466     0.705           17.285 
0.0022466     0.715           20.173 
0.0022466     0.725           23.378 
0.0022466     0.735           26.913 
0.0022466     0.745           30.789 
0.0022826     0.245           36.210 
0.0022826     0.255           31.894 
0.0022826     0.265           27.930 
0.0022826     0.275           24.309 
0.0022826     0.285           21.019 
0.0022826     0.295           18.049 
0.0022826     0.305           15.384 
0.0022826     0.315           13.009 
0.0022826     0.325           10.909 
0.0022826     0.335            9.064 
0.0022826     0.345            7.459 
0.0022826     0.355            6.074 
0.0022826     0.365            4.890 
0.0022826     0.375            3.889 
0.0022826     0.385            3.051 
0.0022826     0.395            2.359 
0.0022826     0.405            1.793 
0.0022826     0.415            1.338 
0.0022826     0.425            0.976 
0.0022826     0.435            0.694 
0.0022826     0.445            0.477 
0.0022826     0.455            0.313 
0.0022826     0.465            0.192 
0.0022826     0.475            0.106 
0.0022826     0.485            0.048 
0.0022826     0.495            0.014 
0.0022826     0.505            0.000 
0.0022826     0.515            0.007 
0.0022826     0.525            0.037 
0.0022826     0.535            0.093 
0.0022826     0.545            0.181 
0.0022826     0.555            0.310 
0.0022826     0.565            0.488 
0.0022826     0.575            0.728 
0.0022826     0.585            1.042 
0.0022826     0.595            1.446 
0.0022826     0.605            1.955 
0.0022826     0.615            2.586 
0.0022826     0.625            3.356 
0.0022826     0.635            4.286 
0.0022826     0.645            5.392 
0.0022826     0.655            6.696 
0.0022826     0.665            8.215 
0.0022826     0.675            9.968 
0.0022826     0.685           11.975 
0.0022826     0.695           14.252 
0.0022826     0.705           16.817 
0.0022826     0.715           19.686 
0.0022826     0.725           22.872 
0.0022826     0.735           26.390 
0.0022826     0.745           30.252 
0.0023186     0.245           36.093 
0.0023186     0.255           31.783 
0.0023186     0.265           27.826 
0.0023186     0.275           24.214 
0.0023186     0.285           20.934 
0.0023186     0.295           17.973 
0.0023186     0.305           15.319 
0.0023186     0.315           12.955 
0.0023186     0.325           10.866 
0.0023186     0.335            9.033 
0.0023186     0.345            7.439 
0.0023186     0.355            6.066 
0.0023186     0.365            4.893 
0.0023186     0.375            3.902 
0.0023186     0.385            3.074 
0.0023186     0.395            2.391 
0.0023186     0.405            1.834 
0.0023186     0.415            1.386 
0.0023186     0.425            1.030 
0.0023186     0.435            0.753 
0.0023186     0.445            0.539 
0.0023186     0.455            0.377 
0.0023186     0.465            0.257 
0.0023186     0.475            0.170 
0.0023186     0.485            0.109 
0.0023186     0.495            0.070 
0.0023186     0.505            0.051 
0.0023186     0.515            0.050 
0.0023186     0.525            0.070 
0.0023186     0.535            0.115 
0.0023186     0.545            0.191 
0.0023186     0.555            0.305 
0.0023186     0.565            0.468 
0.0023186     0.575            0.691 
0.0023186     0.585            0.987 
0.0023186     0.595            1.372 
0.0023186     0.605            1.860 
0.0023186     0.615            2.469 
0.0023186     0.625            3.218 
0.0023186     0.635            4.125 
0.0023186     0.645            5.208 
0.0023186     0.655            6.488 
0.0023186     0.665            7.984 
0.0023186     0.675            9.714 
0.0023186     0.685           11.697 
0.0023186     0.695           13.952 
0.0023186     0.705           16.495 
0.0023186     0.715           19.342 
0.0023186     0.725           22.507 
0.0023186     0.735           26.006 
0.0023186     0.745           29.848 
0.0023546     0.245           36.111 
0.0023546     0.255           31.810 
0.0023546     0.265           27.864 
0.0023546     0.275           24.261 
0.0023546     0.285           20.992 
0.0023546     0.295           18.043 
0.0023546     0.305           15.401 
0.0023546     0.315           13.049 
0.0023546     0.325           10.972 
0.0023546     0.335            9.152 
0.0023546     0.345            7.570 
0.0023546     0.355            6.208 
0.0023546     0.365            5.046 
0.0023546     0.375            4.066 
0.0023546     0.385            3.249 
0.0023546     0.395            2.574 
0.0023546     0.405            2.026 
0.0023546     0.415            1.585 
0.0023546     0.425            1.235 
0.0023546     0.435            0.962 
0.0023546     0.445            0.751 
0.0023546     0.455            0.591 
0.0023546     0.465            0.472 
0.0023546     0.475            0.383 
0.0023546     0.485            0.319 
0.0023546     0.495            0.276 
0.0023546     0.505            0.250 
0.0023546     0.515            0.241 
0.0023546     0.525            0.252 
0.0023546     0.535            0.286 
0.0023546     0.545            0.349 
0.0023546     0.555            0.449 
0.0023546     0.565            0.596 
0.0023546     0.575            0.801 
0.0023546     0.585            1.079 
0.0023546     0.595            1.444 
0.0023546     0.605            1.911 
0.0023546     0.615            2.499 
0.0023546     0.625            3.225 
0.0023546     0.635            4.108 
0.0023546     0.645            5.168 
0.0023546     0.655            6.423 
0.0023546     0.665            7.894 
0.0023546     0.675            9.600 
0.0023546     0.685           11.559 
0.0023546     0.695           13.789 
0.0023546     0.705           16.307 
0.0023546     0.715           19.131 
0.0023546     0.725           22.274 
0.0023546     0.735           25.750 
0.0023546     0.745           29.572 
0.0023906     0.245           36.258 
0.0023906     0.255           31.968 
0.0023906     0.265           28.033 
0.0023906     0.275           24.442 
0.0023906     0.285           21.185 
0.0023906     0.295           18.249 
0.0023906     0.305           15.620 
0.0023906     0.315           13.281 
0.0023906     0.325           11.217 
0.0023906     0.335            9.409 
0.0023906     0.345            7.840 
0.0023906     0.355            6.489 
0.0023906     0.365            5.339 
0.0023906     0.375            4.370 
0.0023906     0.385            3.562 
0.0023906     0.395            2.897 
0.0023906     0.405            2.356 
0.0023906     0.415            1.921 
0.0023906     0.425            1.578 
0.0023906     0.435            1.309 
0.0023906     0.445            1.101 
0.0023906     0.455            0.942 
0.0023906     0.465            0.822 
0.0023906     0.475            0.732 
0.0023906     0.485            0.665 
0.0023906     0.495            0.616 
0.0023906     0.505            0.584 
0.0023906     0.515            0.567 
0.0023906     0.525            0.568 
0.0023906     0.535            0.591 
0.0023906     0.545            0.640 
0.0023906     0.555            0.726 
0.0023906     0.565            0.857 
0.0023906     0.575            1.045 
0.0023906     0.585            1.304 
0.0023906     0.595            1.648 
0.0023906     0.605            2.095 
0.0023906     0.615            2.660 
0.0023906     0.625            3.364 
0.0023906     0.635            4.223 
0.0023906     0.645            5.258 
0.0023906     0.655            6.489 
0.0023906     0.665            7.934 
0.0023906     0.675            9.614 
0.0023906     0.685           11.547 
0.0023906     0.695           13.752 
0.0023906     0.705           16.245 
0.0023906     0.715           19.043 
0.0023906     0.725           22.162 
0.0023906     0.735           25.614 
0.0023906     0.745           29.412 
0.0024266     0.245           36.523 
0.0024266     0.255           32.246 
0.0024266     0.265           28.324 
0.0024266     0.275           24.747 
0.0024266     0.285           21.504 
0.0024266     0.295           18.582 
0.0024266     0.305           15.965 
0.0024266     0.315           13.640 
0.0024266     0.325           11.589 
0.0024266     0.335            9.794 
0.0024266     0.345            8.237 
0.0024266     0.355            6.898 
0.0024266     0.365            5.760 
0.0024266     0.375            4.800 
0.0024266     0.385            4.002 
0.0024266     0.395            3.345 
0.0024266     0.405            2.812 
0.0024266     0.415            2.384 
0.0024266     0.425            2.045 
0.0024266     0.435            1.780 
0.0024266     0.445            1.574 
0.0024266     0.455            1.417 
0.0024266     0.465            1.296 
0.0024266     0.475            1.203 
0.0024266     0.485            1.133 
0.0024266     0.495            1.079 
0.0024266     0.505            1.039 
0.0024266     0.515            1.014 
0.0024266     0.525            1.005 
0.0024266     0.535            1.016 
0.0024266     0.545            1.052 
0.0024266     0.555            1.123 
0.0024266     0.565            1.238 
0.0024266     0.575            1.409 
0.0024266     0.585            1.649 
0.0024266     0.595            1.973 
0.0024266     0.605            2.398 
0.0024266     0.615            2.942 
0.0024266     0.625            3.621 
0.0024266     0.635            4.457 
0.0024266     0.645            5.467 
0.0024266     0.655            6.672 
0.0024266     0.665            8.092 
0.0024266     0.675            9.745 
0.0024266     0.685           11.652 
0.0024266     0.695           13.830 
0.0024266     0.705           16.296 
0.0024266     0.715           19.068 
0.0024266     0.725           22.160 
0.0024266     0.735           25.587 
0.0024266     0.745           29.359 
0.0024626     0.245           36.901 
0.0024626     0.255           32.638 
0.0024626     0.265           28.730 
0.0024626     0.275           25.168 
0.0024626     0.285           21.939 
0.0024626     0.295           19.031 
0.0024626     0.305           16.429 
0.0024626     0.315           14.117 
0.0024626     0.325           12.079 
0.0024626     0.335           10.297 
0.0024626     0.345            8.752 
0.0024626     0.355            7.426 
0.0024626     0.365            6.297 
0.0024626     0.375            5.348 
0.0024626     0.385            4.559 
0.0024626     0.395            3.910 
0.0024626     0.405            3.384 
0.0024626     0.415            2.962 
0.0024626     0.425            2.627 
0.0024626     0.435            2.365 
0.0024626     0.445            2.162 
0.0024626     0.455            2.004 
0.0024626     0.465            1.882 
0.0024626     0.475            1.787 
0.0024626     0.485            1.713 
0.0024626     0.495            1.653 
0.0024626     0.505            1.607 
0.0024626     0.515            1.573 
0.0024626     0.525            1.553 
0.0024626     0.535            1.552 
0.0024626     0.545            1.575 
0.0024626     0.555            1.631 
0.0024626     0.565            1.730 
0.0024626     0.575            1.883 
0.0024626     0.585            2.104 
0.0024626     0.595            2.408 
0.0024626     0.605            2.812 
0.0024626     0.615            3.333 
0.0024626     0.625            3.989 
0.0024626     0.635            4.800 
0.0024626     0.645            5.785 
0.0024626     0.655            6.964 
0.0024626     0.665            8.358 
0.0024626     0.675            9.984 
0.0024626     0.685           11.864 
0.0024626     0.695           14.014 
0.0024626     0.705           16.453 
0.0024626     0.715           19.197 
0.0024626     0.725           22.262 
0.0024626     0.735           25.660 
0.0024626     0.745           29.406 
0.0024986     0.245           37.383 
0.0024986     0.255           33.136 
0.0024986     0.265           29.244 
0.0024986     0.275           25.697 
0.0024986     0.285           22.484 
0.0024986     0.295           19.591 
0.0024986     0.305           17.003 
0.0024986     0.315           14.706 
0.0024986     0.325           12.682 
0.0024986     0.335           10.913 
0.0024986     0.345            9.381 
0.0024986     0.355            8.066 
0.0024986     0.365            6.949 
0.0024986     0.375            6.009 
0.0024986     0.385            5.229 
0.0024986     0.395            4.588 
0.0024986     0.405            4.068 
0.0024986     0.415            3.651 
0.0024986     0.425            3.321 
0.0024986     0.435            3.062 
0.0024986     0.445            2.860 
0.0024986     0.455            2.703 
0.0024986     0.465            2.579 
0.0024986     0.475            2.481 
0.0024986     0.485            2.402 
0.0024986     0.495            2.337 
0.0024986     0.505            2.283 
0.0024986     0.515            2.240 
0.0024986     0.525            2.210 
0.0024986     0.535            2.196 
0.0024986     0.545            2.206 
0.0024986     0.555            2.247 
0.0024986     0.565            2.329 
0.0024986     0.575            2.465 
0.0024986     0.585            2.667 
0.0024986     0.595            2.950 
0.0024986     0.605            3.333 
0.0024986     0.615            3.831 
0.0024986     0.625            4.463 
0.0024986     0.635            5.250 
0.0024986     0.645            6.209 
0.0024986     0.655            7.362 
0.0024986     0.665            8.728 
0.0024986     0.675           10.327 
0.0024986     0.685           12.178 
0.0024986     0.695           14.300 
0.0024986     0.705           16.710 
0.0024986     0.715           19.425 
0.0024986     0.725           22.461 
0.0024986     0.735           25.830 
0.0024986     0.745           29.547 
0.0025346     0.245           37.964 
0.0025346     0.255           33.735 
0.0025346     0.265           29.861 
0.0025346     0.275           26.331 
0.0025346     0.285           23.135 
0.0025346     0.295           20.258 
0.0025346     0.305           17.687 
0.0025346     0.315           15.405 
0.0025346     0.325           13.396 
0.0025346     0.335           11.641 
0.0025346     0.345           10.121 
0.0025346     0.355            8.819 
0.0025346     0.365            7.713 
0.0025346     0.375            6.784 
0.0025346     0.385            6.012 
0.0025346     0.395            5.379 
0.0025346     0.405            4.866 
0.0025346     0.415            4.455 
0.0025346     0.425            4.129 
0.0025346     0.435            3.872 
0.0025346     0.445            3.672 
0.0025346     0.455            3.514 
0.0025346     0.465            3.389 
0.0025346     0.475            3.288 
0.0025346     0.485            3.205 
0.0025346     0.495            3.133 
0.0025346     0.505            3.071 
0.0025346     0.515            3.019 
0.0025346     0.525            2.978 
0.0025346     0.535            2.953 
0.0025346     0.545            2.949 
0.0025346     0.555            2.975 
0.0025346     0.565            3.040 
0.0025346     0.575            3.157 
0.0025346     0.585            3.340 
0.0025346     0.595            3.603 
0.0025346     0.605            3.963 
0.0025346     0.615            4.438 
0.0025346     0.625            5.046 
0.0025346     0.635            5.807 
0.0025346     0.645            6.740 
0.0025346     0.655            7.866 
0.0025346     0.665            9.204 
0.0025346     0.675           10.774 
0.0025346     0.685           12.596 
0.0025346     0.695           14.688 
0.0025346     0.705           17.067 
0.0025346     0.715           19.752 
0.0025346     0.725           22.756 
0.0025346     0.735           26.094 
0.0025346     0.745           29.780 
0.0025706     0.245           38.639 
0.0025706     0.255           34.431 
0.0025706     0.265           30.577 
0.0025706     0.275           27.067 
0.0025706     0.285           23.890 
0.0025706     0.295           21.031 
0.0025706     0.305           18.478 
0.0025706     0.315           16.213 
0.0025706     0.325           14.219 
0.0025706     0.335           12.480 
0.0025706     0.345           10.975 
0.0025706     0.355            9.685 
0.0025706     0.365            8.591 
0.0025706     0.375            7.673 
0.0025706     0.385            6.912 
0.0025706     0.395            6.288 
0.0025706     0.405            5.782 
0.0025706     0.415            5.376 
0.0025706     0.425            5.055 
0.0025706     0.435            4.801 
0.0025706     0.445            4.602 
0.0025706     0.455            4.445 
0.0025706     0.465            4.318 
0.0025706     0.475            4.214 
0.0025706     0.485            4.126 
0.0025706     0.495            4.048 
0.0025706     0.505            3.979 
0.0025706     0.515            3.917 
0.0025706     0.525            3.865 
0.0025706     0.535            3.827 
0.0025706     0.545            3.809 
0.0025706     0.555            3.819 
0.0025706     0.565            3.868 
0.0025706     0.575            3.966 
0.0025706     0.585            4.129 
0.0025706     0.595            4.370 
0.0025706     0.605            4.707 
0.0025706     0.615            5.158 
0.0025706     0.625            5.741 
0.0025706     0.635            6.475 
0.0025706     0.645            7.381 
0.0025706     0.655            8.478 
0.0025706     0.665            9.787 
0.0025706     0.675           11.326 
0.0025706     0.685           13.117 
0.0025706     0.695           15.177 
0.0025706     0.705           17.525 
0.0025706     0.715           20.176 
0.0025706     0.725           23.147 
0.0025706     0.735           26.452 
0.0025706     0.745           30.103 
0.0026066     0.245           39.405 
0.0026066     0.255           35.220 
0.0026066     0.265           31.389 
0.0026066     0.275           27.901 
0.0026066     0.285           24.745 
0.0026066     0.295           21.907 
0.0026066     0.305           19.373 
0.0026066     0.315           17.127 
0.0026066     0.325           15.152 
0.0026066     0.335           13.429 
0.0026066     0.345           11.940 
0.0026066     0.355           10.665 
0.0026066     0.365            9.584 
0.0026066     0.375            8.679 
0.0026066     0.385            7.928 
0.0026066     0.395            7.313 
0.0026066     0.405            6.815 
0.0026066     0.415            6.416 
0.0026066     0.425            6.100 
0.0026066     0.435            5.850 
0.0026066     0.445            5.653 
0.0026066     0.455            5.496 
0.0026066     0.465            5.369 
0.0026066     0.475            5.262 
0.0026066     0.485            5.169 
0.0026066     0.495            5.085 
0.0026066     0.505            5.008 
0.0026066     0.515            4.936 
0.0026066     0.525            4.873 
0.0026066     0.535            4.822 
0.0026066     0.545            4.790 
0.0026066     0.555            4.784 
0.0026066     0.565            4.814 
0.0026066     0.575            4.893 
0.0026066     0.585            5.035 
0.0026066     0.595            5.254 
0.0026066     0.605            5.568 
0.0026066     0.615            5.993 
0.0026066     0.625            6.549 
0.0026066     0.635            7.256 
0.0026066     0.645            8.132 
0.0026066     0.655            9.199 
0.0026066     0.665           10.476 
0.0026066     0.675           11.984 
0.0026066     0.685           13.741 
0.0026066     0.695           15.768 
0.0026066     0.705           18.080 
0.0026066     0.715           20.696 
0.0026066     0.725           23.632 
0.0026066     0.735           26.900 
0.0026066     0.745           30.515 
0.0026426     0.245           40.256 
0.0026426     0.255           36.097 
0.0026426     0.265           32.291 
0.0026426     0.275           28.828 
0.0026426     0.285           25.695 
0.0026426     0.295           22.880 
0.0026426     0.305           20.368 
0.0026426     0.315           18.143 
0.0026426     0.325           16.188 
0.0026426     0.335           14.483 
0.0026426     0.345           13.012 
0.0026426     0.355           11.753 
0.0026426     0.365           10.688 
0.0026426     0.375            9.795 
0.0026426     0.385            9.057 
0.0026426     0.395            8.453 
0.0026426     0.405            7.964 
0.0026426     0.415            7.573 
0.0026426     0.425            7.262 
0.0026426     0.435            7.016 
0.0026426     0.445            6.822 
0.0026426     0.455            6.666 
0.0026426     0.465            6.537 
0.0026426     0.475            6.428 
0.0026426     0.485            6.330 
0.0026426     0.495            6.240 
0.0026426     0.505            6.155 
0.0026426     0.515            6.074 
0.0026426     0.525            5.999 
0.0026426     0.535            5.935 
0.0026426     0.545            5.888 
0.0026426     0.555            5.865 
0.0026426     0.565            5.877 
0.0026426     0.575            5.936 
0.0026426     0.585            6.055 
0.0026426     0.595            6.251 
0.0026426     0.605            6.540 
0.0026426     0.615            6.939 
0.0026426     0.625            7.467 
0.0026426     0.635            8.144 
0.0026426     0.645            8.990 
0.0026426     0.655           10.025 
0.0026426     0.665           11.269 
0.0026426     0.675           12.742 
0.0026426     0.685           14.464 
0.0026426     0.695           16.454 
0.0026426     0.705           18.730 
0.0026426     0.715           21.308 
0.0026426     0.725           24.205 
0.0026426     0.735           27.434 
0.0026426     0.745           31.009 
0.0026786     0.245           41.186 
0.0026786     0.255           37.056 
0.0026786     0.265           33.277 
0.0026786     0.275           29.841 
0.0026786     0.285           26.735 
0.0026786     0.295           23.945 
0.0026786     0.305           21.457 
0.0026786     0.315           19.255 
0.0026786     0.325           17.321 
0.0026786     0.335           15.637 
0.0026786     0.345           14.184 
0.0026786     0.355           12.943 
0.0026786     0.365           11.894 
0.0026786     0.375           11.017 
0.0026786     0.385           10.291 
0.0026786     0.395            9.698 
0.0026786     0.405            9.219 
0.0026786     0.415            8.836 
0.0026786     0.425            8.532 
0.0026786     0.435            8.291 
0.0026786     0.445            8.100 
0.0026786     0.455            7.945 
0.0026786     0.465            7.816 
0.0026786     0.475            7.704 
0.0026786     0.485            7.602 
0.0026786     0.495            7.506 
0.0026786     0.505            7.412 
0.0026786     0.515            7.321 
0.0026786     0.525            7.235 
0.0026786     0.535            7.157 
0.0026786     0.545            7.094 
0.0026786     0.555            7.054 
0.0026786     0.565            7.046 
0.0026786     0.575            7.084 
0.0026786     0.585            7.182 
0.0026786     0.595            7.353 
0.0026786     0.605            7.615 
0.0026786     0.615            7.987 
0.0026786     0.625            8.486 
0.0026786     0.635            9.132 
0.0026786     0.645            9.946 
0.0026786     0.655           10.947 
0.0026786     0.665           12.156 
0.0026786     0.675           13.593 
0.0026786     0.685           15.278 
0.0026786     0.695           17.230 
0.0026786     0.705           19.466 
0.0026786     0.715           22.004 
0.0026786     0.725           24.860 
0.0026786     0.735           28.047 
0.0026786     0.745           31.580 
0.0027146     0.245           42.190 
0.0027146     0.255           38.091 
0.0027146     0.265           34.343 
0.0027146     0.275           30.936 
0.0027146     0.285           27.857 
0.0027146     0.295           25.095 
0.0027146     0.305           22.633 
0.0027146     0.315           20.455 
0.0027146     0.325           18.544 
0.0027146     0.335           16.882 
0.0027146     0.345           15.449 
0.0027146     0.355           14.227 
0.0027146     0.365           13.195 
0.0027146     0.375           12.333 
0.0027146     0.385           11.622 
0.0027146     0.395           11.041 
0.0027146     0.405           10.573 
0.0027146     0.415           10.199 
0.0027146     0.425            9.902 
0.0027146     0.435            9.666 
0.0027146     0.445            9.478 
0.0027146     0.455            9.324 
0.0027146     0.465            9.194 
0.0027146     0.475            9.080 
0.0027146     0.485            8.974 
0.0027146     0.495            8.871 
0.0027146     0.505            8.769 
0.0027146     0.515            8.668 
0.0027146     0.525            8.570 
0.0027146     0.535            8.478 
0.0027146     0.545            8.399 
0.0027146     0.555            8.341 
0.0027146     0.565            8.314 
0.0027146     0.575            8.330 
0.0027146     0.585            8.404 
0.0027146     0.595            8.550 
0.0027146     0.605            8.785 
0.0027146     0.615            9.128 
0.0027146     0.625            9.597 
0.0027146     0.635           10.211 
0.0027146     0.645           10.991 
0.0027146     0.655           11.957 
0.0027146     0.665           13.130 
0.0027146     0.675           14.530 
0.0027146     0.685           16.175 
0.0027146     0.695           18.087 
0.0027146     0.705           20.282 
0.0027146     0.715           22.777 
0.0027146     0.725           25.590 
0.0027146     0.735           28.733 
0.0027146     0.745           32.221 
0.0027506     0.245           43.265 
0.0027506     0.255           39.199 
0.0027506     0.265           35.483 
0.0027506     0.275           32.107 
0.0027506     0.285           29.058 
0.0027506     0.295           26.324 
0.0027506     0.305           23.889 
0.0027506     0.315           21.738 
0.0027506     0.325           19.851 
0.0027506     0.335           18.212 
0.0027506     0.345           16.801 
0.0027506     0.355           15.599 
0.0027506     0.365           14.585 
0.0027506     0.375           13.739 
0.0027506     0.385           13.042 
0.0027506     0.395           12.475 
0.0027506     0.405           12.017 
0.0027506     0.415           11.652 
0.0027506     0.425           11.362 
0.0027506     0.435           11.132 
0.0027506     0.445           10.947 
0.0027506     0.455           10.795 
0.0027506     0.465           10.665 
0.0027506     0.475           10.548 
0.0027506     0.485           10.437 
0.0027506     0.495           10.328 
0.0027506     0.505           10.218 
0.0027506     0.515           10.107 
0.0027506     0.525            9.996 
0.0027506     0.535            9.890 
0.0027506     0.545            9.794 
0.0027506     0.555            9.718 
0.0027506     0.565            9.671 
0.0027506     0.575            9.665 
0.0027506     0.585            9.715 
0.0027506     0.595            9.835 
0.0027506     0.605           10.043 
0.0027506     0.615           10.356 
0.0027506     0.625           10.793 
0.0027506     0.635           11.375 
0.0027506     0.645           12.120 
0.0027506     0.655           13.050 
0.0027506     0.665           14.185 
0.0027506     0.675           15.546 
0.0027506     0.685           17.151 
0.0027506     0.695           19.020 
0.0027506     0.705           21.172 
0.0027506     0.715           23.624 
0.0027506     0.725           26.391 
0.0027506     0.735           29.488 
0.0027506     0.745           32.929 
0.0027866     0.245           44.407 
0.0027866     0.255           40.377 
0.0027866     0.265           36.695 
0.0027866     0.275           33.351 
0.0027866     0.285           30.335 
0.0027866     0.295           27.631 
0.0027866     0.305           25.224 
0.0027866     0.315           23.099 
0.0027866     0.325           21.239 
0.0027866     0.335           19.623 
0.0027866     0.345           18.234 
0.0027866     0.355           17.053 
0.0027866     0.365           16.057 
0.0027866     0.375           15.229 
0.0027866     0.385           14.547 
0.0027866     0.395           13.993 
0.0027866     0.405           13.547 
0.0027866     0.415           13.191 
0.0027866     0.425           12.908 
0.0027866     0.435           12.684 
0.0027866     0.445           12.502 
0.0027866     0.455           12.352 
0.0027866     0.465           12.221 
0.0027866     0.475           12.102 
0.0027866     0.485           11.987 
0.0027866     0.495           11.871 
0.0027866     0.505           11.753 
0.0027866     0.515           11.631 
0.0027866     0.525           11.508 
0.0027866     0.535           11.387 
0.0027866     0.545           11.275 
0.0027866     0.555           11.180 
0.0027866     0.565           11.113 
0.0027866     0.575           11.085 
0.0027866     0.585           11.110 
0.0027866     0.595           11.204 
0.0027866     0.605           11.383 
0.0027866     0.615           11.666 
0.0027866     0.625           12.072 
0.0027866     0.635           12.620 
0.0027866     0.645           13.330 
0.0027866     0.655           14.223 
0.0027866     0.665           15.319 
0.0027866     0.675           16.639 
0.0027866     0.685           18.202 
0.0027866     0.695           20.029 
0.0027866     0.705           22.136 
0.0027866     0.715           24.542 
0.0027866     0.725           27.262 
0.0027866     0.735           30.311 
0.0027866     0.745           33.702 
0.0028226     0.245           45.615 
0.0028226     0.255           41.621 
0.0028226     0.265           37.975 
0.0028226     0.275           34.666 
0.0028226     0.285           31.682 
0.0028226     0.295           29.010 
0.0028226     0.305           26.633 
0.0028226     0.315           24.536 
0.0028226     0.325           22.702 
0.0028226     0.335           21.112 
0.0028226     0.345           19.746 
0.0028226     0.355           18.585 
0.0028226     0.365           17.609 
0.0028226     0.375           16.798 
0.0028226     0.385           16.132 
0.0028226     0.395           15.591 
0.0028226     0.405           15.157 
0.0028226     0.415           14.811 
0.0028226     0.425           14.536 
0.0028226     0.435           14.317 
0.0028226     0.445           14.139 
0.0028226     0.455           13.991 
0.0028226     0.465           13.860 
0.0028226     0.475           13.738 
0.0028226     0.485           13.619 
0.0028226     0.495           13.497 
0.0028226     0.505           13.370 
0.0028226     0.515           13.237 
0.0028226     0.525           13.101 
0.0028226     0.535           12.966 
0.0028226     0.545           12.837 
0.0028226     0.555           12.724 
0.0028226     0.565           12.636 
0.0028226     0.575           12.585 
0.0028226     0.585           12.585 
0.0028226     0.595           12.653 
0.0028226     0.605           12.803 
0.0028226     0.615           13.056 
0.0028226     0.625           13.429 
0.0028226     0.635           13.942 
0.0028226     0.645           14.616 
0.0028226     0.655           15.471 
0.0028226     0.665           16.528 
0.0028226     0.675           17.806 
0.0028226     0.685           19.327 
0.0028226     0.695           21.109 
0.0028226     0.705           23.170 
0.0028226     0.715           25.528 
0.0028226     0.725           28.200 
0.0028226     0.735           31.199 
0.0028226     0.745           34.540 
0.0028586     0.245           46.883 
0.0028586     0.255           42.929 
0.0028586     0.265           39.320 
0.0028586     0.275           36.047 
0.0028586     0.285           33.097 
0.0028586     0.295           30.457 
0.0028586     0.305           28.111 
0.0028586     0.315           26.044 
0.0028586     0.325           24.237 
0.0028586     0.335           22.672 
0.0028586     0.345           21.330 
0.0028586     0.355           20.191 
0.0028586     0.365           19.235 
0.0028586     0.375           18.442 
0.0028586     0.385           17.792 
0.0028586     0.395           17.265 
0.0028586     0.405           16.843 
0.0028586     0.415           16.507 
0.0028586     0.425           16.240 
0.0028586     0.435           16.027 
0.0028586     0.445           15.853 
0.0028586     0.455           15.706 
0.0028586     0.465           15.575 
0.0028586     0.475           15.451 
0.0028586     0.485           15.327 
0.0028586     0.495           15.199 
0.0028586     0.505           15.063 
0.0028586     0.515           14.920 
0.0028586     0.525           14.772 
0.0028586     0.535           14.622 
0.0028586     0.545           14.476 
0.0028586     0.555           14.344 
0.0028586     0.565           14.235 
0.0028586     0.575           14.161 
0.0028586     0.585           14.137 
0.0028586     0.595           14.177 
0.0028586     0.605           14.299 
0.0028586     0.615           14.520 
0.0028586     0.625           14.860 
0.0028586     0.635           15.338 
0.0028586     0.645           15.975 
0.0028586     0.655           16.791 
0.0028586     0.665           17.808 
0.0028586     0.675           19.044 
0.0028586     0.685           20.520 
0.0028586     0.695           22.256 
0.0028586     0.705           24.271 
0.0028586     0.715           26.580 
0.0028586     0.725           29.202 
0.0028586     0.735           32.149 
0.0028586     0.745           35.437 
0.0028946     0.245           48.208 
0.0028946     0.255           44.293 
0.0028946     0.265           40.723 
0.0028946     0.275           37.487 
0.0028946     0.285           34.572 
0.0028946     0.295           31.966 
0.0028946     0.305           29.652 
0.0028946     0.315           27.615 
0.0028946     0.325           25.836 
0.0028946     0.335           24.298 
0.0028946     0.345           22.980 
0.0028946     0.355           21.864 
0.0028946     0.365           20.929 
0.0028946     0.375           20.154 
0.0028946     0.385           19.520 
0.0028946     0.395           19.008 
0.0028946     0.405           18.598 
0.0028946     0.415           18.272 
0.0028946     0.425           18.014 
0.0028946     0.435           17.807 
0.0028946     0.445           17.637 
0.0028946     0.455           17.492 
0.0028946     0.465           17.360 
0.0028946     0.475           17.234 
0.0028946     0.485           17.106 
0.0028946     0.495           16.971 
0.0028946     0.505           16.827 
0.0028946     0.515           16.674 
0.0028946     0.525           16.512 
0.0028946     0.535           16.347 
0.0028946     0.545           16.185 
0.0028946     0.555           16.034 
0.0028946     0.565           15.903 
0.0028946     0.575           15.806 
0.0028946     0.585           15.756 
0.0028946     0.595           15.769 
0.0028946     0.605           15.862 
0.0028946     0.615           16.051 
0.0028946     0.625           16.358 
0.0028946     0.635           16.801 
0.0028946     0.645           17.400 
0.0028946     0.655           18.177 
0.0028946     0.665           19.151 
0.0028946     0.675           20.344 
0.0028946     0.685           21.776 
0.0028946     0.695           23.465 
0.0028946     0.705           25.431 
0.0028946     0.715           27.691 
0.0028946     0.725           30.260 
0.0028946     0.735           33.155 
0.0028946     0.745           36.389 
0.0029306     0.245           49.584 
0.0029306     0.255           45.710 
0.0029306     0.265           42.180 
0.0029306     0.275           38.982 
0.0029306     0.285           36.104 
0.0029306     0.295           33.533 
0.0029306     0.305           31.252 
0.0029306     0.315           29.245 
0.0029306     0.325           27.496 
0.0029306     0.335           25.984 
0.0029306     0.345           24.692 
0.0029306     0.355           23.598 
0.0029306     0.365           22.684 
0.0029306     0.375           21.928 
0.0029306     0.385           21.312 
0.0029306     0.395           20.814 
0.0029306     0.405           20.417 
0.0029306     0.415           20.101 
0.0029306     0.425           19.851 
0.0029306     0.435           19.650 
0.0029306     0.445           19.485 
0.0029306     0.455           19.342 
0.0029306     0.465           19.210 
0.0029306     0.475           19.082 
0.0029306     0.485           18.949 
0.0029306     0.495           18.808 
0.0029306     0.505           18.655 
0.0029306     0.515           18.491 
0.0029306     0.525           18.317 
0.0029306     0.535           18.137 
0.0029306     0.545           17.958 
0.0029306     0.555           17.787 
0.0029306     0.565           17.635 
0.0029306     0.575           17.515 
0.0029306     0.585           17.439 
0.0029306     0.595           17.424 
0.0029306     0.605           17.487 
0.0029306     0.615           17.644 
0.0029306     0.625           17.917 
0.0029306     0.635           18.323 
0.0029306     0.645           18.884 
0.0029306     0.655           19.621 
0.0029306     0.665           20.553 
0.0029306     0.675           21.702 
0.0029306     0.685           23.087 
0.0029306     0.695           24.729 
0.0029306     0.705           26.645 
0.0029306     0.715           28.853 
0.0029306     0.725           31.370 
0.0029306     0.735           34.210 
0.0029306     0.745           37.387 
0.0029666     0.245           51.010 
0.0029666     0.255           47.179 
0.0029666     0.265           43.690 
0.0029666     0.275           40.531 
0.0029666     0.285           37.691 
0.0029666     0.295           35.155 
0.0029666     0.305           32.908 
0.0029666     0.315           30.933 
0.0029666     0.325           29.214 
0.0029666     0.335           27.730 
0.0029666     0.345           26.463 
0.0029666     0.355           25.393 
0.0029666     0.365           24.500 
0.0029666     0.375           23.764 
0.0029666     0.385           23.164 
0.0029666     0.395           22.682 
0.0029666     0.405           22.297 
0.0029666     0.415           21.993 
0.0029666     0.425           21.751 
0.0029666     0.435           21.557 
0.0029666     0.445           21.396 
0.0029666     0.455           21.255 
0.0029666     0.465           21.123 
0.0029666     0.475           20.993 
0.0029666     0.485           20.856 
0.0029666     0.495           20.708 
0.0029666     0.505           20.547 
0.0029666     0.515           20.371 
0.0029666     0.525           20.184 
0.0029666     0.535           19.989 
0.0029666     0.545           19.792 
0.0029666     0.555           19.602 
0.0029666     0.565           19.429 
0.0029666     0.575           19.284 
0.0029666     0.585           19.183 
0.0029666     0.595           19.139 
0.0029666     0.605           19.171 
0.0029666     0.615           19.296 
0.0029666     0.625           19.534 
0.0029666     0.635           19.903 
0.0029666     0.645           20.425 
0.0029666     0.655           21.120 
0.0029666     0.665           22.010 
0.0029666     0.675           23.113 
0.0029666     0.685           24.451 
0.0029666     0.695           26.044 
0.0029666     0.705           27.909 
0.0029666     0.715           30.064 
0.0029666     0.725           32.527 
0.0029666     0.735           35.311 
0.0029666     0.745           38.431 
0.0030026     0.245           52.489 
0.0030026     0.255           48.702 
0.0030026     0.265           45.255 
0.0030026     0.275           42.137 
0.0030026     0.285           39.335 
0.0030026     0.295           36.836 
0.0030026     0.305           34.624 
0.0030026     0.315           32.682 
0.0030026     0.325           30.992 
0.0030026     0.335           29.537 
0.0030026     0.345           28.297 
0.0030026     0.355           27.251 
0.0030026     0.365           26.380 
0.0030026     0.375           25.664 
0.0030026     0.385           25.082 
0.0030026     0.395           24.615 
0.0030026     0.405           24.244 
0.0030026     0.415           23.950 
0.0030026     0.425           23.717 
0.0030026     0.435           23.529 
0.0030026     0.445           23.373 
0.0030026     0.455           23.234 
0.0030026     0.465           23.102 
0.0030026     0.475           22.969 
0.0030026     0.485           22.828 
0.0030026     0.495           22.674 
0.0030026     0.505           22.503 
0.0030026     0.515           22.317 
0.0030026     0.525           22.117 
0.0030026     0.535           21.906 
0.0030026     0.545           21.692 
0.0030026     0.555           21.482 
0.0030026     0.565           21.286 
0.0030026     0.575           21.117 
0.0030026     0.585           20.989 
0.0030026     0.595           20.917 
0.0030026     0.605           20.918 
0.0030026     0.615           21.009 
0.0030026     0.625           21.211 
0.0030026     0.635           21.543 
0.0030026     0.645           22.025 
0.0030026     0.655           22.678 
0.0030026     0.665           23.523 
0.0030026     0.675           24.580 
0.0030026     0.685           25.870 
0.0030026     0.695           27.412 
0.0030026     0.705           29.225 
0.0030026     0.715           31.326 
0.0030026     0.725           33.732 
0.0030026     0.735           36.459 
0.0030026     0.745           39.519 
0.0030386     0.245           54.024 
0.0030386     0.255           50.283 
0.0030386     0.265           46.880 
0.0030386     0.275           43.803 
0.0030386     0.285           41.041 
0.0030386     0.295           38.580 
0.0030386     0.305           36.403 
0.0030386     0.315           34.495 
0.0030386     0.325           32.837 
0.0030386     0.335           31.411 
0.0030386     0.345           30.198 
0.0030386     0.355           29.177 
0.0030386     0.365           28.329 
0.0030386     0.375           27.633 
0.0030386     0.385           27.069 
0.0030386     0.395           26.617 
0.0030386     0.405           26.260 
0.0030386     0.415           25.977 
0.0030386     0.425           25.754 
0.0030386     0.435           25.573 
0.0030386     0.445           25.420 
0.0030386     0.455           25.284 
0.0030386     0.465           25.152 
0.0030386     0.475           25.017 
0.0030386     0.485           24.871 
0.0030386     0.495           24.710 
0.0030386     0.505           24.531 
0.0030386     0.515           24.334 
0.0030386     0.525           24.120 
0.0030386     0.535           23.894 
0.0030386     0.545           23.661 
0.0030386     0.555           23.431 
0.0030386     0.565           23.213 
0.0030386     0.575           23.019 
0.0030386     0.585           22.863 
0.0030386     0.595           22.762 
0.0030386     0.605           22.731 
0.0030386     0.615           22.789 
0.0030386     0.625           22.954 
0.0030386     0.635           23.247 
0.0030386     0.645           23.688 
0.0030386     0.655           24.298 
0.0030386     0.665           25.098 
0.0030386     0.675           26.108 
0.0030386     0.685           27.348 
0.0030386     0.695           28.838 
0.0030386     0.705           30.597 
0.0030386     0.715           32.643 
0.0030386     0.725           34.992 
0.0030386     0.735           37.659 
0.0030386     0.745           40.658 
0.0030746     0.245           55.618 
0.0030746     0.255           51.924 
0.0030746     0.265           48.566 
0.0030746     0.275           45.533 
0.0030746     0.285           42.812 
0.0030746     0.295           40.389 
0.0030746     0.305           38.249 
0.0030746     0.315           36.375 
0.0030746     0.325           34.750 
0.0030746     0.335           33.354 
0.0030746     0.345           32.168 
0.0030746     0.355           31.173 
0.0030746     0.365           30.348 
0.0030746     0.375           29.672 
0.0030746     0.385           29.127 
0.0030746     0.395           28.692 
0.0030746     0.405           28.348 
0.0030746     0.415           28.077 
0.0030746     0.425           27.862 
0.0030746     0.435           27.688 
0.0030746     0.445           27.540 
0.0030746     0.455           27.406 
0.0030746     0.465           27.275 
0.0030746     0.475           27.137 
0.0030746     0.485           26.987 
0.0030746     0.495           26.819 
0.0030746     0.505           26.631 
0.0030746     0.515           26.422 
0.0030746     0.525           26.195 
0.0030746     0.535           25.953 
0.0030746     0.545           25.702 
0.0030746     0.555           25.451 
0.0030746     0.565           25.210 
0.0030746     0.575           24.991 
0.0030746     0.585           24.808 
0.0030746     0.595           24.677 
0.0030746     0.605           24.613 
0.0030746     0.615           24.636 
0.0030746     0.625           24.765 
0.0030746     0.635           25.019 
0.0030746     0.645           25.418 
0.0030746     0.655           25.984 
0.0030746     0.665           26.738 
0.0030746     0.675           27.699 
0.0030746     0.685           28.888 
0.0030746     0.695           30.325 
0.0030746     0.705           32.029 
0.0030746     0.715           34.018 
0.0030746     0.725           36.308 
0.0030746     0.735           38.914 
0.0030746     0.745           41.851 
0.0031106     0.245           57.270 
0.0031106     0.255           53.624 
0.0031106     0.265           50.312 
0.0031106     0.275           47.323 
0.0031106     0.285           44.644 
0.0031106     0.295           42.260 
0.0031106     0.305           40.158 
0.0031106     0.315           38.319 
0.0031106     0.325           36.727 
0.0031106     0.335           35.361 
0.0031106     0.345           34.204 
0.0031106     0.355           33.234 
0.0031106     0.365           32.433 
0.0031106     0.375           31.778 
0.0031106     0.385           31.252 
0.0031106     0.395           30.833 
0.0031106     0.405           30.503 
0.0031106     0.415           30.244 
0.0031106     0.425           30.038 
0.0031106     0.435           29.871 
0.0031106     0.445           29.728 
0.0031106     0.455           29.596 
0.0031106     0.465           29.465 
0.0031106     0.475           29.325 
0.0031106     0.485           29.170 
0.0031106     0.495           28.995 
0.0031106     0.505           28.798 
0.0031106     0.515           28.578 
0.0031106     0.525           28.337 
0.0031106     0.535           28.079 
0.0031106     0.545           27.809 
0.0031106     0.555           27.538 
0.0031106     0.565           27.274 
0.0031106     0.575           27.029 
0.0031106     0.585           26.818 
0.0031106     0.595           26.657 
0.0031106     0.605           26.561 
0.0031106     0.615           26.549 
0.0031106     0.625           26.640 
0.0031106     0.635           26.854 
0.0031106     0.645           27.211 
0.0031106     0.655           27.732 
0.0031106     0.665           28.439 
0.0031106     0.675           29.350 
0.0031106     0.685           30.488 
0.0031106     0.695           31.871 
0.0031106     0.705           33.519 
0.0031106     0.715           35.449 
0.0031106     0.725           37.679 
0.0031106     0.735           40.223 
0.0031106     0.745           43.095 
0.0031466     0.245           58.967 
0.0031466     0.255           55.371 
0.0031466     0.265           52.106 
0.0031466     0.275           49.162 
0.0031466     0.285           46.525 
0.0031466     0.295           44.182 
0.0031466     0.305           42.118 
0.0031466     0.315           40.315 
0.0031466     0.325           38.756 
0.0031466     0.335           37.421 
0.0031466     0.345           36.292 
0.0031466     0.355           35.349 
0.0031466     0.365           34.571 
0.0031466     0.375           33.937 
0.0031466     0.385           33.429 
0.0031466     0.395           33.027 
0.0031466     0.405           32.711 
0.0031466     0.415           32.463 
0.0031466     0.425           32.267 
0.0031466     0.435           32.107 
0.0031466     0.445           31.969 
0.0031466     0.455           31.839 
0.0031466     0.465           31.707 
0.0031466     0.475           31.565 
0.0031466     0.485           31.406 
0.0031466     0.495           31.224 
0.0031466     0.505           31.018 
0.0031466     0.515           30.786 
0.0031466     0.525           30.531 
0.0031466     0.535           30.257 
0.0031466     0.545           29.969 
0.0031466     0.555           29.677 
0.0031466     0.565           29.389 
0.0031466     0.575           29.120 
0.0031466     0.585           28.881 
0.0031466     0.595           28.689 
0.0031466     0.605           28.560 
0.0031466     0.615           28.513 
0.0031466     0.625           28.566 
0.0031466     0.635           28.740 
0.0031466     0.645           29.055 
0.0031466     0.655           29.531 
0.0031466     0.665           30.189 
0.0031466     0.675           31.051 
0.0031466     0.685           32.137 
0.0031466     0.695           33.465 
0.0031466     0.705           35.056 
0.0031466     0.715           36.927 
0.0031466     0.725           39.095 
0.0031466     0.735           41.575 
0.0031466     0.745           44.382 
0.0031826     0.245           60.695 
0.0031826     0.255           57.148 
0.0031826     0.265           53.931 
0.0031826     0.275           51.032 
0.0031826     0.285           48.439 
0.0031826     0.295           46.137 
0.0031826     0.305           44.110 
0.0031826     0.315           42.343 
0.0031826     0.325           40.817 
0.0031826     0.335           39.514 
0.0031826     0.345           38.413 
0.0031826     0.355           37.496 
0.0031826     0.365           36.741 
0.0031826     0.375           36.129 
0.0031826     0.385           35.640 
0.0031826     0.395           35.254 
0.0031826     0.405           34.952 
0.0031826     0.415           34.716 
0.0031826     0.425           34.529 
0.0031826     0.435           34.375 
0.0031826     0.445           34.241 
0.0031826     0.455           34.114 
0.0031826     0.465           33.982 
0.0031826     0.475           33.838 
0.0031826     0.485           33.674 
0.0031826     0.495           33.485 
0.0031826     0.505           33.269 
0.0031826     0.515           33.026 
0.0031826     0.525           32.757 
0.0031826     0.535           32.467 
0.0031826     0.545           32.161 
0.0031826     0.555           31.848 
0.0031826     0.565           31.537 
0.0031826     0.575           31.242 
0.0031826     0.585           30.975 
0.0031826     0.595           30.753 
0.0031826     0.605           30.591 
0.0031826     0.615           30.509 
0.0031826     0.625           30.525 
0.0031826     0.635           30.658 
0.0031826     0.645           30.930 
0.0031826     0.655           31.361 
0.0031826     0.665           31.972 
0.0031826     0.675           32.784 
0.0031826     0.685           33.816 
0.0031826     0.695           35.090 
0.0031826     0.705           36.623 
0.0031826     0.715           38.434 
0.0031826     0.725           40.540 
0.0031826     0.735           42.957 
0.0031826     0.745           45.697 
0.0032186     0.245           62.434 
0.0032186     0.255           58.937 
0.0032186     0.265           55.767 
0.0032186     0.275           52.914 
0.0032186     0.285           50.363 
0.0032186     0.295           48.102 
0.0032186     0.305           46.114 
0.0032186     0.315           44.383 
0.0032186     0.325           42.890 
0.0032186     0.335           41.617 
0.0032186     0.345           40.545 
0.0032186     0.355           39.654 
0.0032186     0.365           38.923 
0.0032186     0.375           38.332 
0.0032186     0.385           37.861 
0.0032186     0.395           37.491 
0.0032186     0.405           37.202 
0.0032186     0.415           36.978 
0.0032186     0.425           36.800 
0.0032186     0.435           36.653 
0.0032186     0.445           36.523 
0.0032186     0.455           36.398 
0.0032186     0.465           36.266 
0.0032186     0.475           36.119 
0.0032186     0.485           35.951 
0.0032186     0.495           35.755 
0.0032186     0.505           35.530 
0.0032186     0.515           35.276 
0.0032186     0.525           34.993 
0.0032186     0.535           34.687 
0.0032186     0.545           34.363 
0.0032186     0.555           34.029 
0.0032186     0.565           33.695 
0.0032186     0.575           33.375 
0.0032186     0.585           33.080 
0.0032186     0.595           32.828 
0.0032186     0.605           32.634 
0.0032186     0.615           32.516 
0.0032186     0.625           32.494 
0.0032186     0.635           32.588 
0.0032186     0.645           32.817 
0.0032186     0.655           33.203 
0.0032186     0.665           33.766 
0.0032186     0.675           34.527 
0.0032186     0.685           35.507 
0.0032186     0.695           36.726 
0.0032186     0.705           38.202 
0.0032186     0.715           39.953 
0.0032186     0.725           41.997 
0.0032186     0.735           44.349 
0.0032186     0.745           47.023 
0.0032546     0.245           64.166 
0.0032546     0.255           60.719 
0.0032546     0.265           57.597 
0.0032546     0.275           54.789 
0.0032546     0.285           52.281 
0.0032546     0.295           50.061 
0.0032546     0.305           48.111 
0.0032546     0.315           46.415 
0.0032546     0.325           44.956 
0.0032546     0.335           43.714 
0.0032546     0.345           42.670 
0.0032546     0.355           41.804 
0.0032546     0.365           41.096 
0.0032546     0.375           40.526 
0.0032546     0.385           40.074 
0.0032546     0.395           39.720 
0.0032546     0.405           39.445 
0.0032546     0.415           39.232 
0.0032546     0.425           39.063 
0.0032546     0.435           38.923 
0.0032546     0.445           38.797 
0.0032546     0.455           38.674 
0.0032546     0.465           38.542 
0.0032546     0.475           38.393 
0.0032546     0.485           38.219 
0.0032546     0.495           38.017 
0.0032546     0.505           37.783 
0.0032546     0.515           37.517 
0.0032546     0.525           37.221 
0.0032546     0.535           36.899 
0.0032546     0.545           36.557 
0.0032546     0.555           36.203 
0.0032546     0.565           35.847 
0.0032546     0.575           35.501 
0.0032546     0.585           35.179 
0.0032546     0.595           34.897 
0.0032546     0.605           34.670 
0.0032546     0.615           34.518 
0.0032546     0.625           34.458 
0.0032546     0.635           34.512 
0.0032546     0.645           34.699 
0.0032546     0.655           35.039 
0.0032546     0.665           35.555 
0.0032546     0.675           36.267 
0.0032546     0.685           37.194 
0.0032546     0.695           38.357 
0.0032546     0.705           39.775 
0.0032546     0.715           41.467 
0.0032546     0.725           43.448 
0.0032546     0.735           45.736 
0.0032546     0.745           48.343 
0.0032906     0.245           65.881 
0.0032906     0.255           62.484 
0.0032906     0.265           59.410 
0.0032906     0.275           56.647 
0.0032906     0.285           54.182 
0.0032906     0.295           52.002 
0.0032906     0.305           50.090 
0.0032906     0.315           48.430 
0.0032906     0.325           47.004 
0.0032906     0.335           45.793 
0.0032906     0.345           44.777 
0.0032906     0.355           43.937 
0.0032906     0.365           43.253 
0.0032906     0.375           42.703 
0.0032906     0.385           42.269 
0.0032906     0.395           41.931 
0.0032906     0.405           41.670 
0.0032906     0.415           41.468 
0.0032906     0.425           41.308 
0.0032906     0.435           41.175 
0.0032906     0.445           41.053 
0.0032906     0.455           40.932 
0.0032906     0.465           40.800 
0.0032906     0.475           40.649 
0.0032906     0.485           40.471 
0.0032906     0.495           40.262 
0.0032906     0.505           40.019 
0.0032906     0.515           39.742 
0.0032906     0.525           39.433 
0.0032906     0.535           39.095 
0.0032906     0.545           38.735 
0.0032906     0.555           38.361 
0.0032906     0.565           37.982 
0.0032906     0.575           37.612 
0.0032906     0.585           37.263 
0.0032906     0.595           36.950 
0.0032906     0.605           36.692 
0.0032906     0.615           36.505 
0.0032906     0.625           36.408 
0.0032906     0.635           36.422 
0.0032906     0.645           36.567 
0.0032906     0.655           36.863 
0.0032906     0.665           37.331 
0.0032906     0.675           37.992 
0.0032906     0.685           38.867 
0.0032906     0.695           39.975 
0.0032906     0.705           41.336 
0.0032906     0.715           42.967 
0.0032906     0.725           44.887 
0.0032906     0.735           47.109 
0.0032906     0.745           49.650 
0.0033266     0.245           67.578 
0.0033266     0.255           64.230 
0.0033266     0.265           61.203 
0.0033266     0.275           58.486 
0.0033266     0.285           56.064 
0.0033266     0.295           53.924 
0.0033266     0.305           52.051 
0.0033266     0.315           50.427 
0.0033266     0.325           49.034 
0.0033266     0.335           47.853 
0.0033266     0.345           46.866 
0.0033266     0.355           46.052 
0.0033266     0.365           45.390 
0.0033266     0.375           44.862 
0.0033266     0.385           44.447 
0.0033266     0.395           44.125 
0.0033266     0.405           43.877 
0.0033266     0.415           43.687 
0.0033266     0.425           43.536 
0.0033266     0.435           43.409 
0.0033266     0.445           43.293 
0.0033266     0.455           43.174 
0.0033266     0.465           43.042 
0.0033266     0.475           42.888 
0.0033266     0.485           42.706 
0.0033266     0.495           42.491 
0.0033266     0.505           42.239 
0.0033266     0.515           41.951 
0.0033266     0.525           41.629 
0.0033266     0.535           41.276 
0.0033266     0.545           40.898 
0.0033266     0.555           40.504 
0.0033266     0.565           40.103 
0.0033266     0.575           39.708 
0.0033266     0.585           39.332 
0.0033266     0.595           38.990 
0.0033266     0.605           38.700 
0.0033266     0.615           38.478 
0.0033266     0.625           38.345 
0.0033266     0.635           38.319 
0.0033266     0.645           38.421 
0.0033266     0.655           38.672 
0.0033266     0.665           39.093 
0.0033266     0.675           39.705 
0.0033266     0.685           40.527 
0.0033266     0.695           41.580 
0.0033266     0.705           42.883 
0.0033266     0.715           44.455 
0.0033266     0.725           46.311 
0.0033266     0.735           48.469 
0.0033266     0.745           50.943 
0.0033626     0.245           69.263 
0.0033626     0.255           65.965 
0.0033626     0.265           62.986 
0.0033626     0.275           60.314 
0.0033626     0.285           57.935 
0.0033626     0.295           55.836 
0.0033626     0.305           54.001 
0.0033626     0.315           52.413 
0.0033626     0.325           51.053 
0.0033626     0.335           49.904 
0.0033626     0.345           48.945 
0.0033626     0.355           48.156 
0.0033626     0.365           47.519 
0.0033626     0.375           47.011 
0.0033626     0.385           46.615 
0.0033626     0.395           46.309 
0.0033626     0.405           46.075 
0.0033626     0.415           45.896 
0.0033626     0.425           45.755 
0.0033626     0.435           45.635 
0.0033626     0.445           45.523 
0.0033626     0.455           45.407 
0.0033626     0.465           45.276 
0.0033626     0.475           45.120 
0.0033626     0.485           44.934 
0.0033626     0.495           44.712 
0.0033626     0.505           44.452 
0.0033626     0.515           44.154 
0.0033626     0.525           43.818 
0.0033626     0.535           43.450 
0.0033626     0.545           43.055 
0.0033626     0.555           42.641 
0.0033626     0.565           42.218 
0.0033626     0.575           41.798 
0.0033626     0.585           41.396 
0.0033626     0.595           41.025 
0.0033626     0.605           40.702 
0.0033626     0.615           40.446 
0.0033626     0.625           40.276 
0.0033626     0.635           40.211 
0.0033626     0.645           40.271 
0.0033626     0.655           40.477 
0.0033626     0.665           40.851 
0.0033626     0.675           41.412 
0.0033626     0.685           42.182 
0.0033626     0.695           43.180 
0.0033626     0.705           44.426 
0.0033626     0.715           45.937 
0.0033626     0.725           47.731 
0.0033626     0.735           49.824 
0.0033626     0.745           52.230 
0.0033986     0.245           70.950 
0.0033986     0.255           67.703 
0.0033986     0.265           64.772 
0.0033986     0.275           62.145 
0.0033986     0.285           59.810 
0.0033986     0.295           57.752 
0.0033986     0.305           55.956 
0.0033986     0.315           54.403 
0.0033986     0.325           53.077 
0.0033986     0.335           51.959 
0.0033986     0.345           51.029 
0.0033986     0.355           50.267 
0.0033986     0.365           49.653 
0.0033986     0.375           49.167 
0.0033986     0.385           48.789 
0.0033986     0.395           48.499 
0.0033986     0.405           48.280 
0.0033986     0.415           48.112 
0.0033986     0.425           47.980 
0.0033986     0.435           47.868 
0.0033986     0.445           47.761 
0.0033986     0.455           47.647 
0.0033986     0.465           47.516 
0.0033986     0.475           47.359 
0.0033986     0.485           47.169 
0.0033986     0.495           46.941 
0.0033986     0.505           46.672 
0.0033986     0.515           46.364 
0.0033986     0.525           46.016 
0.0033986     0.535           45.632 
0.0033986     0.545           45.220 
0.0033986     0.555           44.787 
0.0033986     0.565           44.342 
0.0033986     0.575           43.898 
0.0033986     0.585           43.468 
0.0033986     0.595           43.068 
0.0033986     0.605           42.714 
0.0033986     0.615           42.424 
0.0033986     0.625           42.217 
0.0033986     0.635           42.112 
0.0033986     0.645           42.130 
0.0033986     0.655           42.292 
0.0033986     0.665           42.618 
0.0033986     0.675           43.129 
0.0033986     0.685           43.846 
0.0033986     0.695           44.789 
0.0033986     0.705           45.977 
0.0033986     0.715           47.427 
0.0033986     0.725           49.158 
0.0033986     0.735           51.186 
0.0033986     0.745           53.525 
0.0034346     0.245           72.657 
0.0034346     0.255           69.460 
0.0034346     0.265           66.578 
0.0034346     0.275           63.997 
0.0034346     0.285           61.706 
0.0034346     0.295           59.690 
0.0034346     0.305           57.932 
0.0034346     0.315           56.416 
0.0034346     0.325           55.124 
0.0034346     0.335           54.037 
0.0034346     0.345           53.136 
0.0034346     0.355           52.400 
0.0034346     0.365           51.810 
0.0034346     0.375           51.345 
0.0034346     0.385           50.986 
0.0034346     0.395           50.713 
0.0034346     0.405           50.508 
0.0034346     0.415           50.352 
0.0034346     0.425           50.230 
0.0034346     0.435           50.124 
0.0034346     0.445           50.022 
0.0034346     0.455           49.911 
0.0034346     0.465           49.781 
0.0034346     0.475           49.622 
0.0034346     0.485           49.428 
0.0034346     0.495           49.194 
0.0034346     0.505           48.918 
0.0034346     0.515           48.598 
0.0034346     0.525           48.238 
0.0034346     0.535           47.840 
0.0034346     0.545           47.411 
0.0034346     0.555           46.958 
0.0034346     0.565           46.491 
0.0034346     0.575           46.023 
0.0034346     0.585           45.567 
0.0034346     0.595           45.138 
0.0034346     0.605           44.753 
0.0034346     0.615           44.428 
0.0034346     0.625           44.184 
0.0034346     0.635           44.040 
0.0034346     0.645           44.016 
0.0034346     0.655           44.133 
0.0034346     0.665           44.411 
0.0034346     0.675           44.872 
0.0034346     0.685           45.536 
0.0034346     0.695           46.423 
0.0034346     0.705           47.552 
0.0034346     0.715           48.942 
0.0034346     0.725           50.610 
0.0034346     0.735           52.572 
0.0034346     0.745           54.842 
0.0034706     0.245           74.398 
0.0034706     0.255           71.253 
0.0034706     0.265           68.420 
0.0034706     0.275           65.886 
0.0034706     0.285           63.640 
0.0034706     0.295           61.665 
0.0034706     0.305           59.947 
0.0034706     0.315           58.468 
0.0034706     0.325           57.210 
0.0034706     0.335           56.155 
0.0034706     0.345           55.283 
0.0034706     0.355           54.573 
0.0034706     0.365           54.007 
0.0034706     0.375           53.564 
0.0034706     0.385           53.224 
0.0034706     0.395           52.968 
0.0034706     0.405           52.776 
0.0034706     0.415           52.632 
0.0034706     0.425           52.519 
0.0034706     0.435           52.421 
0.0034706     0.445           52.324 
0.0034706     0.455           52.216 
0.0034706     0.465           52.086 
0.0034706     0.475           51.925 
0.0034706     0.485           51.728 
0.0034706     0.495           51.488 
0.0034706     0.505           51.203 
0.0034706     0.515           50.874 
0.0034706     0.525           50.501 
0.0034706     0.535           50.088 
0.0034706     0.545           49.642 
0.0034706     0.555           49.170 
0.0034706     0.565           48.682 
0.0034706     0.575           48.190 
0.0034706     0.585           47.707 
0.0034706     0.595           47.249 
0.0034706     0.605           46.832 
0.0034706     0.615           46.474 
0.0034706     0.625           46.193 
0.0034706     0.635           46.009 
0.0034706     0.645           45.943 
0.0034706     0.655           46.015 
0.0034706     0.665           46.246 
0.0034706     0.675           46.656 
0.0034706     0.685           47.266 
0.0034706     0.695           48.097 
0.0034706     0.705           49.167 
0.0034706     0.715           50.496 
0.0034706     0.725           52.099 
0.0034706     0.735           53.994 
0.0034706     0.745           56.196 
0.0035066     0.245           76.185 
0.0035066     0.255           73.093 
0.0035066     0.265           70.309 
0.0035066     0.275           67.824 
0.0035066     0.285           65.622 
0.0035066     0.295           63.690 
0.0035066     0.305           62.012 
0.0035066     0.315           60.570 
0.0035066     0.325           59.347 
0.0035066     0.335           58.323 
0.0035066     0.345           57.480 
0.0035066     0.355           56.798 
0.0035066     0.365           56.256 
0.0035066     0.375           55.834 
0.0035066     0.385           55.513 
0.0035066     0.395           55.273 
0.0035066     0.405           55.096 
0.0035066     0.415           54.964 
0.0035066     0.425           54.860 
0.0035066     0.435           54.769 
0.0035066     0.445           54.677 
0.0035066     0.455           54.572 
0.0035066     0.465           54.442 
0.0035066     0.475           54.280 
0.0035066     0.485           54.079 
0.0035066     0.495           53.833 
0.0035066     0.505           53.540 
0.0035066     0.515           53.201 
0.0035066     0.525           52.815 
0.0035066     0.535           52.388 
0.0035066     0.545           51.925 
0.0035066     0.555           51.434 
0.0035066     0.565           50.924 
0.0035066     0.575           50.408 
0.0035066     0.585           49.899 
0.0035066     0.595           49.412 
0.0035066     0.605           48.964 
0.0035066     0.615           48.571 
0.0035066     0.625           48.254 
0.0035066     0.635           48.030 
0.0035066     0.645           47.922 
0.0035066     0.655           47.948 
0.0035066     0.665           48.131 
0.0035066     0.675           48.490 
0.0035066     0.685           49.047 
0.0035066     0.695           49.821 
0.0035066     0.705           50.832 
0.0035066     0.715           52.098 
0.0035066     0.725           53.637 
0.0035066     0.735           55.464 
0.0035066     0.745           57.595 
